# Nota: C-Order, 1 refers to the Y axis, 2 to the X axis 
# Calibration done at Tue Nov 16 13:08:06 2021
poni_version: 2
Detector: Detector
Detector_config: {"pixel1": 0.00015, "pixel2": 0.00015, "max_shape": [2880, 2880]}
Distance: 4.641086086335562
Poni1: 0.22782840270634475
Poni2: 0.43847136681354043
Rot1: 0.001484140651922346
Rot2: -0.001512923982532163
Rot3: 2.9515870437985077e-11
Wavelength: 1.19675866213e-11
